nu,nx7000,nx400
0.00049550525387834882, 24.617119703582208, 5.0908554670974588
0.00011033326735332297, 42.423066677613278, 10.797040530850971
0.00052092978962267015, 24.046728416027932, 4.961724304854676
0.00066468297578856821, 21.398474116362543, 4.376219476085331
0.00083510940097053239, 19.124682282346495, 3.8880619593429109
0.00084061558896535052, 19.062230877580628, 3.8748069238925078
0.00082957016651216654, 19.188096985191759, 3.9015290474468092
0.00073820696294270597, 20.32807449441659, 4.1449974769493032
0.00086718598703419746, 18.7687896722007, 3.8126230237102856
0.00071654653940520408, 20.627559289098262, 4.2094199511863817
4.102173554928134e-05, 49.534652739425844, 16.64329941825001
0.00099069439836794136, 17.555510867388403, 3.5571188571830819
0.00044553668787361762, 25.856290167601141, 5.3758866928108207
0.00094318408285859749, 17.995371855710943, 3.6494632758207479
0.0007137312367162293, 20.667407129666394, 4.2180070206306501
0.00011868128184419386, 41.696445534030161, 10.424246462016256
0.00086261398429034869, 18.818370814180572, 3.8231187243771094
0.00054112300153013877, 23.619037540875549, 4.8656720419868291
0.00010717333137284161, 42.704815719339948, 10.948489771103459
0.00091314411778376328, 18.290136074557001, 3.7115244340868361
0.00063111231677508432, 21.942980565699315, 4.494931636663865
0.00019674371498815037, 35.995135285345, 8.1292097275966384
2.6212595585613989e-05, 51.328196119158257, 19.411339863813872
0.0009568251129979141, 17.865896788333366, 3.6222487510375148
0.00070814159872686509, 20.747171919097092, 4.2352070836122184
2.8611323766469798e-05, 51.030753479210752, 18.827433088520849
0.00079799286702198673, 19.561335826903765, 3.9809504122958574
0.00041602202005054211, 26.673533918534467, 5.567662292416121
0.00071367404248644695, 20.668218913912643, 4.2181819953158159
0.00042880503847355072, 26.311032399709362, 5.4821957917459967
0.00083271508568193739, 19.152020116959015, 3.8938666270744275
0.00046621784144651555, 25.322949933275851, 5.2524101567537516
0.00099862880346168726, 17.484983433490815, 3.5423410142444083
0.00098383924835805615, 17.617098553752299, 3.5700299100509603
0.00071498353703586845, 20.649655207358364, 4.2141810921724874
0.0002508566551676669, 32.973714961390833, 7.1969929519601852
0.00037510359316528274, 27.931567364824723, 5.8697246167818262
0.00021997340426923228, 34.619725174250391, 7.6880029261935388
0.00085485285522568283, 18.903392934729464, 3.8411273355820557
0.00046753825055121756, 25.289918763413514, 5.2448038352159729
0.00085409402087840546, 18.911764396430442, 3.8429012241538887
0.0002276401852488308, 34.192663334276915, 7.5570518237256481
0.0007731610220543672, 19.869720523820373, 4.0467821312637531
0.0006351398524848986, 21.875590193777271, 4.4801967356088195
0.00046004238240732859, 25.479026818261787, 5.2884145231786945
0.00010848686749251107, 42.587243615194787, 10.884797465865022
0.00046376878641180138, 25.384531056790006, 5.2666033471048621
0.00017155916141017044, 37.638353749833897, 8.7021843932464016
0.00092021811851932748, 18.219492969584966, 3.6966374779503592
0.000344277196290677, 28.991358879079399, 6.1316162896758648
9.2386950856861313e-05, 44.073898017671134, 11.747740806213077
0.00050533917456134297, 24.39207786685089, 5.0397624836227157
0.00094246287603980941, 18.002291477753065, 3.6509184977080169
7.5938120730218361e-05, 45.699411234073054, 12.864544810632788
0.00078643426181410807, 19.703183621617175, 4.011206865812051
0.00050600032708464165, 24.377152005482429, 5.036380562692365
0.00014683344593641797, 39.425173817759486, 9.3968121216098126
0.00089647288299651135, 18.459738741276077, 3.7473007468769057
0.00014704997705445135, 39.408718562284285, 9.3900129043908542
0.00030068548049599897, 30.687363934410566, 6.5676705626332144
0.00016244282158101909, 38.276022246802462, 8.9405324871313621
0.00051102992350638495, 24.264430708349565, 5.010866961053634
0.00074240960116003795, 20.271379760578643, 4.1328243760944892
0.00095044500979594114, 17.926124345830733, 3.6349046288669751
0.000114673868267255, 42.042081692905342, 10.598501197177111
0.00082314256853401394, 19.262433823951422, 3.9173254461474092
0.00094507088307845758, 17.977304546161768, 3.6456640281910473
0.00014803229897211007, 39.334252986587842, 9.359345943851995
0.00082470627140936723, 19.24427412417343, 3.9134655699629448
0.00089615177063137813, 18.46304942080571, 3.7479996066110655
0.00015229884702721045, 39.014328880633286, 9.2294494194836059
0.00078811884735685187, 19.68232892200486, 4.0067559487385136
0.00020206450549910097, 35.668810306616898, 8.0216547800634679
6.2829705011921378e-05, 47.076167674481994, 13.999277390594893
0.00058387127959197177, 22.779635902923044, 4.6789305392327529
4.0940447388798369e-05, 49.544220237182174, 16.655542247596692
0.00041730345525141041, 26.636580981684634, 5.5589196088256294
0.00032246326702458337, 29.808653553359701, 6.3389214917454186
0.00098796166031916706, 17.579988956296017, 3.5622496528282661
0.00019858603383531991, 35.881359175539444, 8.0914944403496403
0.0006408976371209288, 21.780253011800887, 4.4593721573125586
0.00058854249945762582, 22.692898155184348, 4.659760150347191
0.0003325018513667988, 29.425125972703974, 6.2410221265151593
0.00032576560079575093, 29.681048942371277, 6.3062239367845159
0.00094788178171744991, 17.950483520992236, 3.6400250179961389
0.00096788583708580533, 17.76283030256424, 3.6006046424148925
1.9415918656297141e-05, 52.185625202367824, 21.366254023540915
0.00026504096441653396, 32.279926827657398, 7.0002181867654141
0.00092593199282797582, 18.162993823901751, 3.6847372655333794
0.00021859317144826032, 34.697973398912872, 7.7122883685700208
0.00042181419867430385, 26.507603626024537, 5.5284593497472727
0.00032710676055260762, 29.629631595309455, 6.2930842975274572
0.00017954809778097534, 37.09879614291544, 8.5078677772394649
0.00050982853817792891, 24.291223995112574, 5.0169271257927583
0.00075827716367520763, 20.061287000322572, 4.0877758584328605
0.00087361355813149574, 18.699707848992016, 3.7980067365473684
0.00081360189831112541, 19.374293621490903, 3.9411155775629352
0.00099861768690121715, 17.485081685338493, 3.5423615958739054
0.00091854552948713209, 18.23612610901381, 3.700141890536337
0.00083964827941062714, 19.073160303069205, 3.8771261128674461
0.0009374792630165486, 18.050313782016946, 3.6610199556340293
0.00080523995701853454, 19.473861017353013, 3.9623120374992067
0.00099848656220114331, 17.48624072702005, 3.542604391081404
0.00027992862488910013, 31.589774767422064, 6.8096955420139533
0.00029061888411416196, 31.116679214364723, 6.6818610201241357
0.00050864920357130544, 24.317605607371217, 5.0228967842896122
0.00044889270672191287, 25.767645329338006, 5.3552759601749029
0.00077781581877805974, 19.810864963481308, 4.0342029745888466
0.00057429107843012263, 22.9604729545444, 4.7189721039413826
0.00059285080249024832, 22.613715379309866, 4.642279252624097
0.00022821684299249953, 34.16105320616991, 7.5474635930768326
0.00081095927318790186, 19.405603904032453, 3.9477789751428576
0.00019893433577362213, 35.859943204485262, 8.0844213346471463
0.00011330958592395001, 42.161081591423077, 10.659766942294025
0.00086570714422037247, 18.784786470586955, 3.8160088529163194
0.00091548912513759681, 18.2666321741536, 3.7065703978547777
0.00035403784016356261, 28.644338860352391, 6.045045869207442
0.00032973124278462172, 29.529684880269766, 6.2676008249779924
0.00047040086988598187, 25.218713820753063, 5.2284227335631357
0.0001187961370656531, 41.686624737493716, 10.419373329577365
0.00091146316745568186, 18.307037005799856, 3.7150873154028363
0.00055810600807850526, 23.275331542501732, 4.7889333483409882
0.00093915625862621324, 18.034113671377337, 3.6576118449284283
0.00039659455820471629, 27.251356355693879, 5.7053040608646013
0.00017460286469927892, 37.430708945417898, 8.6266374270948774
0.00014238128045454415, 39.766824763149685, 9.5398620329989008
9.301925892559479e-05, 44.013603917935342, 11.710106789567288
0.00095786137800980581, 17.856168597345263, 3.6202050801234904
0.000501690271737991, 24.474912490571825, 5.0585465632039588
0.00053451327230548222, 23.756686959915399, 4.8965162873681427
0.00091513906327145473, 18.27013539203152, 3.7073087287718756
0.00047982788238428147, 24.988079173371812, 5.1755095698055973
0.0009033086312943328, 18.389658742126926, 3.7325118802877784
0.00093387441818529912, 18.085277397310215, 3.6683769461130575
0.00037683222629053992, 27.875162983439036, 5.8559868843534391
0.00045555211573712021, 25.594188477681051, 5.3150484878824162
1.8155779894068547e-05, 52.346978585459119, 21.786838088163652
0.00093771016745334776, 18.048080750249831, 3.6605501538703957
0.00030071264436594598, 30.686225969561569, 6.5673700863402322
0.00097266819360850834, 17.718786199947676, 3.5913605476135189
0.00028592976167078762, 31.321962556356858, 6.7370655632921466
0.00054820909771189296, 23.473913099507175, 4.8332224610114825
0.00060031606519743647, 22.478328003523604, 4.6124333072479278
0.00093342843851572843, 18.089616338614984, 3.6692900821669605
0.00027963918311572466, 31.602838811493413, 6.8132565374901883
1.6988767940687719e-05, 52.497072415277842, 22.195241549356556
6.3151432858733563e-05, 47.041486826636017, 13.968122813260885
0.00063298873498942373, 21.911510953452854, 4.4880492768018607
0.00098925379281232626, 17.568402825306293, 3.5598209932664755
0.00051111243071374482, 24.262593645356485, 5.0104515475992528
0.00090328724471592983, 18.389876822278062, 3.7325578880977113
0.00025082475684037322, 32.975317028845637, 7.1974538131119665
0.00036384509679910433, 28.306542655161163, 5.9615525635263298
0.00090833240991788401, 18.338633216912619, 3.721749424824663
0.00054175920051553533, 23.605905648864105, 4.8627328508069061
0.00091937453712638562, 18.227876626428792, 3.6984037597857244
0.00037866550915492247, 27.815676273215178, 5.8415192580172217
0.00063302430290763554, 21.910915666502447, 4.4879191142746482
0.00045248618388555239, 25.673646972906532, 5.3334594551576746
0.00066399306252107912, 21.409283317010217, 4.3785685858661898
0.00080225912152430022, 19.509706360590275, 3.9699478042015457
0.00035105414258987378, 28.749248288473272, 6.0711305115224672
0.00052436005039444814, 23.972554269961883, 4.9450199157707369
0.00011841064086914421, 41.719605641616873, 10.435755403998343
0.00076543041154297287, 19.968569830027391, 4.0679254245677097
8.3325466799704989e-05, 44.955634443689782, 12.32757623165589
0.00010721146441764807, 42.701393372583745, 10.946625630541195
0.00025766233266285015, 32.636252689471597, 7.100592177970535
0.000615248381107533, 22.214218423491502, 4.5543638227059118
0.00076248513990886078, 20.006597999999912, 4.0760649174257422
0.00044690299645208057, 25.820100107505858, 5.3674678364552078
0.00018537768435333878, 36.716009458408095, 8.3737998743000279
0.00095191477726850617, 17.912198877511535, 3.6319778817932082
0.00038340029431440477, 27.663603507755621, 5.8046300389340963
0.00062478484255406913, 22.050044498891033, 4.5183666076987157
0.00093082692092729161, 18.114985475046144, 3.6746296833173933
0.00075037854581070935, 20.165093785701867, 4.1100223666515792
0.00024852511751027818, 33.091323209929683, 7.2309071512928753
3.8431364807537272e-05, 49.841032884329543, 17.044087594479635
0.00015395243316940199, 38.891851406876818, 9.1804971645728273
0.0002718108553147982, 31.961431750370558, 6.9116767550771057
0.00084219673796710097, 19.044403958910102, 3.8710245930359166
9.0264427893931173e-05, 44.277459028141543, 11.876622887269447
0.00033269263978514076, 29.417961567221905, 6.2392039407943622
0.00020780166575673389, 35.324615727111684, 7.9102121679084032
0.00087754154047156119, 18.657844100249264, 3.789153431498677
6.3267786683532e-05, 47.028955560144269, 13.956901290760706
0.00066592601198891123, 21.379037663991355, 4.3719961934218752
0.00090463231449263901, 18.376175320731395, 3.729667478013706
0.00069543767236644402, 20.931741500560676, 4.2750638485046322
0.00017750008997426256, 37.235442179595516, 8.5564737402837174
9.5544557302601127e-05, 43.774383238869511, 11.563149853273664
0.00067240557621048975, 21.278521750845407, 4.350170612294888
0.00075212794445102715, 20.141971504753844, 4.1050650923874139
0.00088338893260416266, 18.596012818185304, 3.7760831683035052
0.00034631055863351516, 28.918150756834553, 6.1132840867278171
0.00046082145899611351, 25.459190633066449, 5.2838327889908987
0.00096677002246389927, 17.773151349671434, 3.6027713027054795
0.00034289107311251518, 29.04154543385302, 6.1442053471708746
8.4278306783081166e-05, 44.861346634938677, 12.262791307002979
0.00088082006942123291, 18.62310477674939, 3.7818091848777051
5.8553500578204247e-05, 47.541448414242197, 14.431725557649687
0.0003830660044870655, 27.674267099134092, 5.8072123101808328
0.00040389323453021264, 27.030325860776713, 5.6524416109154645
0.00017426328217171939, 37.453747723210377, 8.6349715067901425
0.00033505890537824476, 29.329483422971322, 6.2167812930672772
0.00045286593585115394, 25.663768321452011, 5.3311689831325353
0.00052544796983190647, 23.94916242012642, 4.9397560267024883
0.00099597190497504283, 17.508510582976864, 3.5472698707146706
0.00011053059261990374, 42.405596094056136, 10.787781746665681
0.00061673247919676955, 22.188443166939358, 4.5487072853003587
0.00079156902406233339, 19.639811076065758, 3.9976843172773506
0.00018215642719361875, 36.926405485346187, 8.4471134187748316
0.00098551940409815036, 17.601947150789851, 3.5668530619054568
0.00078454189138508828, 19.7266854179422, 4.0162238059117188
0.00013695357800794564, 40.192007419795559, 9.7231143549473149
0.00018686755786354969, 36.619623457983977, 8.3405131867282361
9.869549612147397e-05, 43.479413293307445, 11.386944009114455
0.0008623135650327533, 18.821641724141013, 3.8238112927793475
0.00085464719119842021, 18.90566078316601, 3.8416078732952372
0.00099888734521868107, 17.482698797021584, 3.541862436731789
0.00044902311521380985, 25.764217568258047, 5.3544796938035937
0.00084743441349134749, 18.985686665853262, 3.8585707945718974
0.00064730422054670527, 21.675536758696303, 4.4365267857040678
0.00073271713183208336, 20.402813736480574, 4.1610558405005689
3.3757563665262722e-05, 50.401683599207345, 17.826096121485573
0.00027551119347245809, 31.790656558858377, 6.8646415026404703
0.00014642171118450851, 39.456504475436823, 9.4097804224740109
0.00088663617229275688, 18.561925836985221, 3.7688805789712547
0.0008860058055158227, 18.568529081188451, 3.7702756850188677
0.00031556109795998746, 30.080038434677615, 6.4088888139052118
0.00041277470692548915, 26.767804533576619, 5.5899975952246734
0.00021547322893475612, 34.876416158541439, 7.7680195959853613
0.00059656691589487468, 22.546035947962164, 4.6273526772378579
0.00084084639029493127, 19.05962572351515, 3.8742541518812619
0.0008640729708993619, 18.802508512543746, 3.8197603868762173
0.00040609490933312569, 26.964598258307621, 5.6367731203164908
0.00038481816099501505, 27.618497077993805, 5.7937145439722473
0.00024964922983071968, 33.034491314780055, 7.2144978978267487
0.00092565684433830507, 18.165703134628973, 3.6853077944021515
0.0006067165515498353, 22.36404639848314, 4.5872817650144171
0.00052459691093320127, 23.967456006377095, 4.9438724830781311
0.0003734851080633584, 27.984655616001934, 5.8826723783386976
0.00097921220690281078, 17.659016387367402, 3.5788208642213299
0.00060003163060149192, 22.483444757471513, 4.613560309521489
0.00016536691611605662, 38.068878395416981, 8.862022571598656
0.00046788894178416461, 25.281165858152072, 5.2427890207323742
0.00025959986179631281, 32.541738864428304, 7.073829491795804
0.00025316602383265697, 32.858237756767963, 7.1638546790527604
0.00085172807148331834, 18.937933149219695, 3.8484471459050145
0.0001640691153103551, 38.160507178918849, 8.8966189683610217
0.00048247912755274469, 24.924258719124357, 5.1609062868996975
0.00011168695497213419, 42.303505308882244, 10.733978768973261
0.00064392431729213715, 21.730604404709865, 4.4485369760985289
0.00045814349366347766, 25.527553354163128, 5.2996303658319182
0.00089921565231180622, 18.431529096095822, 3.7413466803416853
0.00065041134727011137, 21.625258770280414, 4.4255681733609959
0.00082627039811264088, 19.226157939424812, 3.9096155777525112
0.00067936092776837498, 21.17209554724425, 4.3270891762508912
0.00047602168013279218, 25.080495898327861, 5.1966857281803334
0.00065595818960123271, 21.536313938933269, 4.4061978535003146
0.00051324249975882874, 24.215300026223577, 4.9997613757488635
0.00099169809348741643, 17.546544647747726, 3.555239704129376
4.8972089142275041e-05, 48.613529185679397, 15.541863257105961
0.00051185013725922829, 24.246185410121761, 5.0067417215539098
0.00066898149023554739, 21.33147223557949, 4.3616648825418904
0.00027035177922278607, 32.029407370093992, 6.9304832712054338
0.00080866163204077477, 19.432943543758796, 3.9535989275154133
0.00019319390616730952, 36.216744633531782, 8.20334930917506
9.0397904601453622e-05, 44.264604776611826, 11.868399780381532
0.00079369450241156944, 19.6137471130153, 3.9921251101481281
0.00036864731262332734, 28.144964286415366, 5.9218757021639661
0.00098536395947432763, 17.603347377734472, 3.5671466372218656
0.00025865157799248508, 32.587911494552095, 7.0868911014795763
0.00089906891130967154, 18.433035248485314, 3.7416645410852438
0.00071259455483235735, 20.683557504107718, 4.2214884123750656
0.00088735709597036259, 18.55438213990211, 3.7672868727064017
0.00056596508890643037, 23.120944145756166, 4.754589285497322
0.00063841290948379262, 21.821251272591894, 4.4683244566521578
0.00022098039079813296, 34.562902831532817, 7.6704249491743832
0.00027367083128931738, 31.875303314384247, 6.8879173729518719
0.00048434647328813771, 24.879577737160574, 5.1506922884225519
0.00023126123358228109, 33.995335067707899, 7.4974256535260428
0.00051515294492651654, 24.173099977820581, 4.9902294953958055
0.00075372444184205068, 20.120935502500302, 4.1005561068951817
0.00024424064364756781, 33.310161530164734, 7.2944632491402981
0.00020690060736696552, 35.378156029401914, 7.9274161942081669
0.00099170681401630854, 17.546466802297218, 3.5552233897213434
0.00088153433707065481, 18.615560682424132, 3.7802145722679272
0.00077580221434028318, 19.836264473257671, 4.0396307098412709
0.00065220125998449643, 21.59644408551727, 4.419290689205841
0.00034987583966910544, 28.790959661365054, 6.0815223507032856
5.8768121058204751e-05, 47.517903740367707, 14.409174666625267
0.00086046825111327024, 18.841768568583216, 3.8280732962862936
0.00082874771435098148, 19.197563527265942, 3.9035400736790486
0.00014580079480566146, 39.503854297941778, 9.4294359824995606
0.00089063511472970217, 18.520190428676482, 3.7600646839658425
7.2515755265650903e-05, 46.051748803696995, 13.136276712787549
0.00048685676715149243, 24.819860231486626, 5.1370535039463991
0.0006571078246495421, 21.518007989471698, 4.4022137421887662
0.00049770147177923105, 24.566361910344874, 5.079314564259156
0.00085059503869238588, 18.950501527118156, 3.8511112042137139
0.00090476211431538282, 18.374854650228613, 3.7293888922501393
0.00082899639280836117, 19.194699807218761, 3.902931700747847
0.00031444837373563028, 30.124393052912119, 6.4203805136434378
0.00079737856170068603, 19.568801954091871, 3.9825419397850945
0.00037621381870740517, 27.895306218772358, 5.8608907133221599
0.0005414154275748456, 23.612998993479337, 4.8643204165370681
0.00045034964271001461, 25.72942101251525, 5.3463994936589048
0.00079610431801629738, 19.584314587576877, 3.985849070656303
7.3375420445044321e-05, 45.962777641232258, 13.066535521328484
0.00092925920055733646, 18.130322146206865, 3.6778582132179185
0.00074125964847413981, 20.286848469952862, 4.1361450080262658
0.00062697947569987961, 22.012743936222584, 4.5101984091488543
0.00052836540357160543, 23.886745847144873, 4.9257198580999715
0.00073889026316806348, 20.318826054179226, 4.1430112319881065
0.00054048516804665542, 23.632223658220962, 4.8686239591390965
0.00058206867317947965, 22.813357129664027, 4.6863896063768244
0.00046105233688936665, 25.453320374424315, 5.2824772136518767
0.00027361815257688396, 31.877734623431088, 6.8885870169054559
7.8278200047408636e-05, 45.461342489746997, 12.687466827744451
0.00096630281501581389, 17.777477970569709, 3.6036796257437036
0.00048329526602937964, 24.904703262035138, 5.156434949839146
0.00083886934221612177, 19.081974266240554, 3.8789965720893558
0.00025497290700137083, 32.768581960221496, 7.1382350229435927
3.2176599130118101e-05, 50.593625308665466, 18.108911079620082
0.00011907657984374829, 41.662665097071063, 10.407502139160581
0.00021193192143275925, 35.081626943361407, 7.8327237843529121
0.00081545075196378628, 19.3524729733968, 3.9364728852330022
0.00034548087410198795, 28.947963265636748, 6.1207449794567417
0.00034859495915779272, 28.836484428470222, 6.0928778304686233
0.00099938825930644538, 17.478274813844028, 3.5409357395745662
0.0006386701736680419, 21.816996298164405, 4.4673951399420533
0.00074191477440441558, 20.278031884025715, 4.1342523075405522
3.0952327939049286e-05, 50.743061212830547, 18.334596487771581
0.0009774025289730425, 17.67548790244275, 3.5822760129451758
0.00099915489431624057, 17.48033545666738, 3.5413673811549242
0.00071548127115468358, 20.642611560497098, 4.2126632330793132
0.00020860742660953999, 35.276899547713171, 7.894919577104317
0.00052146026545278374, 24.035215925523527, 4.9591303420597477
0.00031621217164437023, 30.054164327621613, 6.4021925675195401
0.00072163660485852449, 20.556062417389342, 4.1940217573435916
0.00082358938426026879, 19.257239880184443, 3.9162213991171457
0.00080827768213467734, 19.437522811819324, 3.9545738880377193
0.00027162080970739801, 31.970265063337596, 6.9141178859835701
0.00068298450550075614, 21.117241947998004, 4.3152035864645395
0.00040768471975500111, 26.917405302914364, 5.6255372637195418
0.00083000033153442948, 19.183150988918236, 3.9004784124049379
0.0003677719462359825, 28.174233956968887, 5.9290508608267993
5.4296307508344753e-05, 48.012712552151669, 14.899003259991222
0.00040740739464479312, 26.925621479715357, 5.6274925464250902
0.00076643196367697647, 19.955684730227322, 4.0651682111247203
0.0009813414439446993, 17.639691877304045, 3.5747678066045983
0.00040944675850786063, 26.86536057686925, 5.6131599871246909
0.00072731758588689955, 20.477086907258567, 4.1770264188952559
0.000333056803786675, 29.404299330510966, 6.2357377912178533
0.00026487456946208048, 32.287855404271447, 7.0024362654634986
0.0009413719343704226, 18.012772870318582, 3.6531229242388181
0.00020087558607986096, 35.741126420845795, 8.0453273172303756
0.00072016712483192937, 20.576631288548118, 4.1984504531355258
4.698938125905145e-05, 48.840545360429836, 15.799661421631324
0.00044614253311319981, 25.8402257062091, 5.372148892553799
0.0008339211878980624, 19.138235243132193, 3.8909394939446225
0.00045272235511846775, 25.667502121421695, 5.3320346535867591
9.7605846141210007e-05, 43.580979906718404, 11.447010151893242
0.00034812109736332135, 28.853374639100537, 6.097094466319926
0.00051954581418216564, 24.076836113177016, 4.968510343917302
0.00016079921959233497, 38.39355640817972, 8.9855607046895454
0.00062070971827157199, 22.119780581204935, 4.5336479516071986
0.00099333810100859479, 17.531922006582953, 3.5521753405984757
8.9852466832946397e-05, 44.317177364191799, 11.902104630346807
0.00051916211710606106, 24.085201839764149, 4.9703964937274172
0.00054199548803780025, 23.601033585133422, 4.8616425301038211
0.0004180179584956403, 26.61603710707918, 5.5540621602386375
0.00045329836658397431, 25.652532017372941, 5.3285642557587796
0.00051768015772579029, 24.117589017999904, 4.9777009460364443
0.00080854183373700833, 19.434372018171128, 3.9539030559824893
0.00078818017497851299, 19.681570881814871, 4.0065941806316987
0.00084312770403069555, 19.033929702940611, 3.8688025533827033
0.00073859596762605902, 20.322807872843519, 4.1438663656889068
0.00069181016164537022, 20.985300665852538, 4.2866447906575793
0.00013416025756988342, 40.414609358732946, 9.8214920595346555
9.6833833249699544e-05, 43.653220027644899, 11.490117523160327
6.8294442233233208e-05, 46.493220251267516, 13.49417120580973
0.00016530081231805175, 38.073533707516987, 8.8637752863492842
0.00042823631570964541, 26.326875574052192, 5.4859174578418735
0.00068517937404115738, 21.084210580239752, 4.3080499547250515
0.00017317543263312835, 37.527767983904511, 8.6618284580522609
0.00034782266770813164, 28.864025228300147, 6.0997543939042638
0.00054388737985543688, 23.562125206980998, 4.8529380925111534
0.00067610924196535209, 21.221663306478369, 4.3378358091501052
0.00077559335939157367, 19.838904239351798, 4.0401948901846607
0.00088169705011226153, 18.613843318434398, 3.7798515833032051
0.00047740758027271671, 25.046736299936509, 5.1889460584560956
0.00013434972450997542, 40.399428276062331, 9.8147278140862468
0.00051661548201823533, 24.140931672628124, 4.9829678997410545
0.00083543900151965625, 19.120927617673889, 3.8872648391327238
0.00080594933681376539, 19.46535798019897, 3.9605010976711483
0.00097006114291488265, 17.742757938970346, 3.5963914143255309
0.00027538332709816748, 31.796519395586127, 6.8662512733586469
0.00085316094627706945, 18.922072492079561, 3.8450856583916289
0.00051580952290102748, 24.158643897740056, 4.9869657473553612
0.00046898502193047935, 25.25386252455267, 5.2365062091149941
0.00056386268126851799, 23.161963795291545, 4.7637068106437583
0.00087209812626029505, 18.715930364327853, 3.8014383085690064
0.00076577848911982196, 19.964089096984463, 4.0669665767457852
0.00047577882749939382, 25.086424571669713, 5.1980454120405426
0.00044098714427504427, 25.977805621057328, 5.4041989146579148
0.00047722170731417967, 25.051256754942912, 5.1899821379265836
0.0003535308076923838, 28.662094980020839, 6.049455527115339
0.00076083386120698001, 20.02800851527801, 4.0806489428259392
0.0003834436046040782, 27.662222750155976, 5.8042957266476121
0.00030840203865151205, 30.368406051943087, 6.4838915167252802
8.6212290502797281e-05, 44.671113561013343, 12.134187283781818
5.150447922578716e-05, 48.326165842963881, 15.227473275727247
0.00021050931069169058, 35.164873747984629, 7.8591629673849042
0.00054677899021127641, 23.503001332356469, 4.8397208765845328
0.00061475869260238763, 22.222741638207921, 4.5562347058543722
0.00022864818406706207, 34.137454862096959, 7.5403147410753766
0.00039700056388376347, 27.238932545526527, 5.7023256151717616
0.00021784269794042365, 34.740697011986654, 7.7255873786195997
0.00047341602459419175, 25.144309453771797, 5.2113284129917474
0.0002316618124689712, 33.973674645260658, 7.4909135121505832
0.00011160568735807007, 42.310663953163441, 10.737734779123365
0.00098121517900736179, 17.640836159932473, 3.5750077880746955
0.00066103046021079857, 21.455875472172643, 4.3886976266662732
0.00070390973135886394, 20.808143018739457, 4.2483645710188371
0.00056966769462383333, 23.049195207960054, 4.7386543313832483
0.00086757222119977849, 18.764618091140608, 3.8117401573951928
0.00039230644108106071, 27.383513731696276, 5.737040415411788
0.00066060163183929922, 21.462643271251316, 4.3901693928847161
0.00057095448007098582, 23.0244055539643, 4.7331524901967521
0.00061502432086730672, 22.218117136395964, 4.5552195819293146
0.00020495800363665238, 35.494237378562353, 7.9648810229279192
0.00040602793056445069, 26.966591424057064, 5.6372479212328388
0.00033738592851849131, 29.243151059242049, 6.1949579363673895
0.00042143495162260747, 26.518382162638005, 5.5310016709081067
0.00017390777715738906, 37.477901044220928, 8.6437215445375468
0.00010448076582145595, 42.947854680008092, 11.082463032842691
0.00018816542322503695, 36.536131315078549, 8.3118286536272166
0.00033503548648226541, 29.330355668525062, 6.2170020605435017
0.0004225089398837156, 26.487889376410976, 5.5238108807384032
0.00024512413246188976, 33.264744461967638, 7.2812241627724985
0.00068282529780983102, 21.119643607791058, 4.3157238198828685
0.00037884274605917223, 27.809943286563687, 5.840126075131197
0.00041328997095604729, 26.75278582669991, 5.58643616980339
0.00097197680571898442, 17.725134540703927, 3.5926927624265668
0.00030185722157946896, 30.638375111933716, 6.5547455248119988
1.2815427391574393e-05, 53.03905078726298, 23.822452584316522
0.0001957868231426648, 36.054562205025356, 8.1490022823859665
0.00090234627369849057, 18.399479219580911, 3.7345837632379455
0.00023815110061762277, 33.627389656943492, 7.387666166082715
0.00035144799931803355, 28.735341597056209, 6.0676684760513542
0.00018384688818596595, 36.815650535420033, 8.4084074739545684
0.00086854449645465339, 18.754128506059789, 3.8095202994412989
0.00037419167936111842, 27.96144603563997, 5.8770096443519879
0.00024209360392064198, 33.421170491344817, 7.3269316752526974
0.00059128641285180028, 22.642377729373194, 4.6486047760400533
0.00074958898324759514, 20.175554274498147, 4.1122654112285071
0.00040000469154848268, 27.147479085281454, 5.6804270922597553
0.00064130758754944251, 21.773509617041288, 4.4579001122740802
0.00065590178750289988, 21.537213174929608, 4.4063935857066827
0.00057529762813282939, 22.941283887787389, 4.7147184134285762
0.00096176463239642444, 17.81966018816302, 3.6125368697611613
0.00021490373730139996, 34.909224284609223, 7.7783197416743723
0.00093973356840552718, 18.028546273518561, 3.6564407002483206
0.00025952589286209365, 32.545334609214713, 7.0748458111666501
0.00080633468169903297, 19.460743418628638, 3.9595183685428466
0.00023593651575944932, 33.744597364634743, 7.4224328521838192
0.0002725699362384332, 31.926210874177862, 6.9019513963633496
0.00076603511149659991, 19.960787470221817, 4.0662600771681143
0.00039996346986283455, 27.148728368972854, 5.6807259232352099
0.00016191765519832878, 38.313490351682887, 8.9548484877989374
0.00034214556846501104, 29.06863243003119, 6.1510073866474491
0.00017902259392013826, 37.13374987162608, 8.5202629075358924
0.00098995361617961624, 17.562136765920588, 3.5585076034974152
0.00089302269282936727, 18.495398668080025, 3.7548293044654604
0.00046484976144481771, 25.357299301837458, 5.2603249762550179
0.00054878990863996638, 23.46212815029746, 4.8305904637959323
0.00013942353814479897, 39.997326808551996, 9.6384661403624659
0.00011499152020544247, 42.014471998605948, 10.584381436576184
0.00085469272579152106, 18.905158608700511, 3.8415014659941176
0.00032361534597766966, 29.76397393032903, 6.3274583162949085
0.00016847254240267542, 37.85158709266949, 8.7807990427922693
0.00052822409893652205, 23.889758529416124, 4.9263970307928702
0.00080982301874368259, 19.419110573457733, 3.9506540361004778
0.00063985362276651578, 21.797452910171476, 4.4631273467429535
0.00024867713089592473, 33.083623750111926, 7.2286817639649126
0.00033099217601176452, 29.481978459965617, 6.255463758660853
0.00058998768632555969, 22.666250266822654, 4.6538751001670224
0.00051606851818079293, 24.152948127053641, 4.9856800232906124
0.0009320538945981916, 18.103007877136172, 3.6721085485800309
0.00014785678625482267, 39.347535533986068, 9.3648038917756953
0.00020283445241077057, 35.622160729811512, 8.0064323642524577
0.00068594459072739752, 21.072728805711712, 4.305563959640347
0.00056993258154128799, 23.044086107444137, 4.7375202543822663
0.0008751134486592267, 18.683690880985775, 3.7946191106393368
0.00030526747123786645, 30.496935825533352, 6.5175462345649713
0.00053054283380647108, 23.840455434052526, 4.9153189850096988
0.0008684202246116309, 18.755468311318324, 3.8098038245148458
0.00087844763566460892, 18.648224746664557, 3.7871195854994224
0.00018233333931317154, 36.914778990045903, 8.4430383676261567
0.00076277772791570066, 20.002811049205874, 4.0752542266470169
4.2754420235913007e-05, 49.331440646570833, 16.387312135125217
0.00090053788804258931, 18.417973358190366, 3.7384860346679485
0.00047107558969823181, 25.202011164429532, 5.2245832942828603
0.00071625378347504008, 20.631692847240256, 4.2103105485637764
0.0005758925151838944, 22.92996394628204, 4.7122096283116344
0.00014540304837565841, 39.534250002114213, 9.4420897952709275
0.00081083121659889705, 19.407124783788369, 3.948102695158652
0.0007481760993469002, 20.19431118830612, 4.116288054468054
0.00066186525508880076, 21.442717923761158, 4.3858366418509069
0.00090341718474277034, 18.388551929487772, 3.7322783801404094
0.00099227209040343798, 17.541422843031615, 3.5541663256020781
0.00053507516395094633, 23.744898319872146, 4.8938721601281694
5.7074374855223091e-05, 47.70426997841885, 14.589703314575619
0.00020061430966001519, 35.757064598321072, 8.0505569500976684
0.00050978533884402522, 24.292188957880924, 5.0171454329263074
0.00098283775357277067, 17.626147492799369, 3.5719274061934074
0.00058602399789056399, 22.739547729216234, 4.6700676071559206
0.00063817481711677597, 21.825191241171012, 4.4691850170660512
0.00015219215985047422, 39.022259848632828, 9.2326338804447943
0.00036432463990379626, 28.290296413057749, 5.9575556651586821
6.1501941938302794e-05, 47.219775167234985, 14.129842986242066
2.7705927947032413e-05, 51.14270649520153, 19.042189820556935
0.00041549661491157718, 26.688725437256934, 5.5712584811057599
0.00035787174265026036, 28.511015315334472, 6.0120027114374599
0.00011983460005926484, 41.598044437242521, 10.375609361249378
0.00064267812586971053, 21.751007854088634, 4.4529889792725301
0.00076001215935210325, 20.03868690834932, 4.0829355685016093
0.00059920338173192794, 22.498362950800843, 4.6168465866516577
0.00055373089484707112, 23.362537113633255, 4.8083666216427066
0.00097811663098778092, 17.668983014256153, 3.5809114629421481
0.00042438295880256236, 26.434910030320118, 5.5113283853916499
0.00087922375925687736, 18.639996374108755, 3.7853799701998661
0.00075016194662487208, 20.167961864117093, 4.1106373456411163
0.00066083649318931289, 21.458935927670275, 4.3893631571991234
0.00073853408984551362, 20.323645360049845, 4.1440462285481718
0.00071918335851578821, 20.590433996163412, 4.2014228634525113
0.00094253984426944325, 18.001552646205557, 3.6507631149395041
0.00053455036222442164, 23.755908300161423, 4.896341623441554
1.4310945899995717e-05, 52.843893260923195, 23.207371332483913
0.00076100806349084732, 20.025746744794525, 4.0801646480913112
0.00026891766888896692, 32.096575131652919, 6.9491142115477977
0.00035823472360329732, 28.498477960150499, 6.0089014848153397
0.00080335090498790773, 19.496555696700085, 3.9671461555171459
0.00079340409733726005, 19.617302467531296, 3.9928833540261226
0.00048604076411028468, 24.839228646839498, 5.1414754592952683
0.00057009565591551944, 23.040942329289685, 4.73682246461654
0.00033419429794262826, 29.361731292841679, 6.2249470332119081
0.00091088006442434919, 18.312910100747821, 3.7163255362264445
0.00099140247145305732, 17.549184152956542, 3.5557928822825096
0.00051479638103657218, 24.18096063964186, 4.9920045171707583
0.00075285699825168172, 20.132357523036227, 4.103004254229214
0.00013567055796345447, 40.293929655156859, 9.7679445219302554
0.00059064006671180201, 22.654249715465632, 4.6512255337306909
0.00067067080275991686, 21.305302097289079, 4.3559831004909721
0.00070917858504919364, 20.732308280392363, 4.2320008457840119
0.00041464595120700547, 26.7133713849298, 5.5770952822641746
0.00058651939926889266, 22.730350282369841, 4.6680348663419782
0.00029135430634969883, 31.084794002989305, 6.6733220970324929
0.0007885951444420627, 19.67644382213015, 4.0055000810980772
0.00014616859165415288, 39.475792084265485, 9.4177787210505954
0.00065041269073230117, 21.625237102076191, 4.4255634519753757
0.0003173761708070307, 30.008049997040445, 6.390271570372148
0.00039904838012055997, 27.176501589108582, 5.6873715393235083
0.00043310327540695289, 26.192130319906095, 5.4543038903355896
0.00026251329542795079, 32.40089539967348, 7.03413516103757
0.00093570587534859786, 18.067490012958263, 3.6646338965390428
0.00050523686298582554, 24.394389871334404, 5.0402864156261797
0.00043625897435556522, 26.105763158037835, 5.434086694021131
0.00045991733952866734, 25.482214515294036, 5.2891509730624682
0.00064950418514603822, 21.639904036476462, 4.4287595790035379
0.00060892505918484004, 22.324990447250066, 4.5786948140731072
5.7542534442062924e-05, 47.652630029444651, 14.539212428647831
1.6813288790977531e-05, 52.519696741970556, 22.258294788294659
0.00038217282051344534, 27.702813244570923, 5.814128274960491
0.00025403411564920147, 32.815088110171878, 7.1515126452935602
2.5459483067457049e-05, 51.422137595514748, 19.604938708040006
0.00060881584336595679, 22.326917351114624, 4.5791183660797419
4.2042661686365369e-05, 49.41474995028382, 16.491328282952946
0.00089104368904880272, 18.515941258260725, 3.7591672918971692
0.00094119047992674435, 18.014517900659932, 3.6534899534042182
0.00075870180068170179, 20.055749003586318, 4.0865896778323618
0.00022073708542894228, 34.576611623124407, 7.6746613462651494
0.00057745844481067309, 22.900240971475146, 4.7056241537231998
0.00070052107719321879, 20.857332043327137, 4.258985865680442
0.00031887852529301837, 29.948802125423747, 6.3749805531874379
0.00054719226300386809, 23.494585067084106, 4.8378403623766237
0.00074460613281059215, 20.241925385801437, 4.1265029257336163
0.00066410031396635784, 21.407601946486363, 4.3782031625100997
0.00051458324986694602, 24.185662637375248, 4.9930663868534984
0.00020246325122775946, 35.644633220055255, 8.0137607546782732
0.00082410743023862091, 19.251222894748185, 3.9149424680677569
0.0002259794495770111, 34.284094058245891, 7.5848651200779686
0.0008048742262291086, 19.478248990464394, 3.9632466251097296
0.00044260234761530931, 25.934485664645447, 5.3940978233394219
0.00066516682601483067, 21.39090258009703, 4.3745741682025834
0.00030609082859692129, 30.463038964972714, 6.508656859254665
0.00050652964175755696, 24.365220712838209, 5.0336777575953962
0.00037952303067963287, 27.787967879947207, 5.8347876166829025
0.0001871834025791761, 36.599264706609951, 8.3335060354770505
0.00078858964492121997, 19.67651174546824, 4.0055145753893049
0.00099976790655012136, 17.47492395058984, 3.5402338504146353
0.0002237707954236037, 34.406606981605712, 7.6223217079113743
0.00027088205452699833, 32.004660807434064, 6.9236311229091969
0.00075120674834804231, 20.154137849794342, 4.1076733374449654
0.00091706995748076325, 18.250835793907793, 3.7032414465547943
0.00077620219943596474, 19.831211743374212, 4.0385508625666811
0.00017842766526382525, 37.173411750141447, 8.5343592942251387
0.00054774523857385445, 23.483336922881495, 4.835327467850048
0.00016038714969384934, 38.423148772142873, 8.996953670148752
0.00026057763556443475, 32.494300587603313, 7.0604349670258486
0.00066137435414844034, 21.450452460138425, 4.3875183903295714
0.00033501941957104174, 29.330954126064807, 6.2171535348425833
0.00028823444486856305, 31.220636653343568, 6.7097672247322508
0.00032901522668344816, 29.556864943962761, 6.274523428956468
0.00023723420579279243, 33.675796101020389, 7.4020027254125269
0.00085514213356634172, 18.900204379204212, 3.8404517240131062
0.00041542672726546063, 26.690747935143708, 5.5717373433090192
0.00017225176322794092, 37.590876108660396, 8.684824177787771
0.00028804985528765544, 31.228721418887346, 6.711941762481537
0.00022735258015908061, 34.208455130960722, 7.5618472073563554
0.00079779678449808946, 19.563718092719462, 3.9814582191624743
0.00099781202605320305, 17.492206552036208, 3.5438541408494637
0.00013938737681754856, 40.000162562828926, 9.6396900404528658
0.00013091690880996133, 40.676357874465182, 9.9394205399964992
0.000340090592394192, 29.143643615469017, 6.1698713118227495
7.9486850632893256e-05, 45.339278473897835, 12.598622156076809
0.00072742008698011191, 20.475669833531239, 4.1767215968486733
0.00019942150272932798, 35.830038849882072, 8.0745584287342513
0.0006545090630489549, 21.559451438742283, 4.4112347420089577
0.0003619657282423165, 28.370453412396721, 5.9772923262582882
2.567663244981797e-05, 51.395023644031177, 19.548588736193722
0.00043709920673432523, 26.082898130689131, 5.4287403044961184
0.00099547381511392035, 17.512931222490771, 3.5481960757496989
0.00033934593229943319, 29.170951475814014, 6.1767487318037171
9.2245245609349504e-05, 44.087432233286044, 11.756222051778767
0.00030942673697595261, 30.326692084012645, 6.4729991082440277
0.00042017398217595963, 26.554306008114537, 5.5394792105025461
0.00048799287162784046, 24.792963443963444, 5.1309152477571036
7.7069616753395456e-05, 45.584010906617664, 12.778071538269186
0.00059457585587064331, 22.582227151272821, 4.6353328960440763
0.00095223603004344058, 17.909159215600557, 3.6313390715014906
0.00016579307374572775, 38.038896929036653, 8.850747355249176
0.00054018746095216231, 23.638385279791844, 4.8700035365214474
0.00016710003237692145, 37.947275512045351, 8.8164268505278702
0.00070786413130694914, 20.751154105978493, 4.2360661692342374
0.00050053720619071685, 24.501251219241748, 5.0645247570069234
0.00092901566335647451, 18.132707922636182, 3.6783604797350171
0.00060577574266722722, 22.38074237033646, 4.5909539246667892
0.0001367333925988769, 40.209459981498838, 9.7307654651688456
0.000971390420278333, 17.730523802064113, 3.5938237627797411
0.00064060134144356415, 21.785130530064606, 4.4604369675083024
0.00068304186835807458, 21.116376813962024, 4.3150161896732886
0.00052092737758756844, 24.046780797539697, 4.9617361084021283
0.0006706887934234474, 21.30502388056415, 4.3559227062602357
0.00048248878626542006, 24.924027038870729, 5.1608533043688709
0.0005596365035935414, 23.245039690692181, 4.782188764966409
6.2251329035078844e-05, 47.138628193894498, 14.055754732791209
0.00087060486643930981, 18.731954606913732, 3.8048284073028915
0.00073414152091951152, 20.383347301555723, 4.1568721146310006
0.00010521588832399279, 42.881228003870817, 11.045420094090758
0.00028572882734092717, 31.330836399175041, 6.7394609535471242
0.00076710297836816933, 19.947065191331561, 4.0633239578362792
0.00027688653284032986, 31.727767606499409, 6.8473960134337792
0.00060261600300971535, 22.437073729232566, 4.6033495398389581
0.00022897470361219971, 34.119617397804724, 7.5349162742195555
0.00075450289179116716, 20.11070089725601, 4.0983627039111861
0.00081788152626449879, 19.323890002093282, 3.9303928102861247
0.00078843459269157374, 19.67842703375187, 4.0059232862986454
0.00080300564420924126, 19.500711689884451, 3.968031520900198
3.2180873815263345e-05, 50.593104759260619, 18.10813338621772
0.00097304460857933694, 17.715332656804197, 3.590635840260886
0.00035885942930425545, 28.476934909470817, 6.0035750318364931
0.00016581576303463606, 38.037302142980721, 8.8501482161290852
0.0006508219234218005, 21.618639586249202, 4.4241259455620972
0.00094522680872150184, 17.975813758451554, 3.6453505650309195
0.00090234543447392779, 18.399487790023212, 3.7345855714670013
0.00074112387870461992, 20.28867699579655, 4.1365375681975127
0.00040459812133038274, 27.009235357794068, 5.6474114187779794
0.00094661738046787017, 17.962534136859375, 3.6425584635277217
0.00051509398857757472, 24.174399215127487, 4.9905228615193193
0.00056426179524081627, 23.154161101283684, 4.7619720760916007
0.00083717976047774519, 19.101132242279686, 3.8830626982853365
0.00072407962364522788, 20.52199483399453, 4.1866887630286023
0.0006340776392502037, 21.893306984247477, 4.4840693199478192
0.00069678381516498225, 20.911964085910519, 4.2707891697459495
0.00047355938304276051, 25.140786893551908, 5.2105196831741525
0.0003312613085560065, 29.471822172765147, 6.2528820906324256
0.00067791603658118207, 21.194080675352346, 4.3318549552144319
0.00079340595907452906, 19.617279668949227, 3.9928784917332001
0.00060283878311203037, 22.433088983002158, 4.6024724016567022
0.00019804078543169757, 35.914944721757138, 8.1026033526626051
0.0007882489897213812, 19.680720395461115, 4.0064126856244018
0.00035111931922495387, 28.746945734961265, 6.070557205884775
0.00043034341886178773, 26.268307074985781, 5.4721654406594924
0.00056087921864160246, 23.220524605845821, 4.7767325688378124
0.00051308107764716688, 24.218875088042346, 5.0005691886561765
0.00011699437806620306, 41.8412319798338, 10.496585218458073
0.00049966689351317302, 24.521183354138003, 5.0690505866324358
0.00052668505181016753, 23.922640445760027, 4.9337901120915459
8.1334449239381878e-05, 45.153861653997957, 12.466103680544952
0.00094277968601801782, 17.999250914270721, 3.6502790462840022
0.00021907629767073692, 34.67053590998313, 7.7037622343525838
0.00070176647133550463, 20.839215999013913, 4.2550734381497168
0.00076325473697085066, 19.996641494084319, 4.073933545494496
0.00088780121731823493, 18.549739207158229, 3.7663060416649614
0.00035457394614610955, 28.625596297568958, 6.0403935258101855
0.00030987079901675723, 30.308660948702112, 6.468295326234565
0.00059035385061169713, 22.659512471340584, 4.6523874291323306
0.00070613021742799175, 20.776088089651303, 4.241446072293904
0.00042717620023087835, 26.356477306994279, 5.4928743975330399
0.00043775666307522599, 26.065045093362766, 5.4245675610316972
0.00029030691182012239, 31.130230441319931, 6.6854929401913683
0.00060629443839175005, 22.371533058182738, 4.5889283030998795
0.00079664342914627221, 19.577747203756985, 3.984448914124727
9.2252514728932136e-05, 44.086737767685769, 11.755786562739859
0.00063529308345932332, 21.873037764989729, 4.4796388885665603
0.00090583251684919926, 18.36397390423026, 3.7270937937991033
0.00085115492881659342, 18.944287888128226, 3.8497940924401832
0.00090449348588880025, 18.377588153934575, 3.7299655081755705
0.00057559040503435692, 22.935710760567694, 4.7134832179518611
0.00010406397838191601, 42.985720796605698, 11.103623763515202
0.00055705878940767674, 23.29612201269369, 4.7935641383585983
0.00087454807016604632, 18.689723854003805, 3.7958950440909942
0.00014268944212731619, 39.742972330240818, 9.5297563225937889
0.00058267154803702298, 22.802063621150278, 4.6838911196485071
0.00058651608713139707, 22.730411739699679, 4.6680484482664939
0.00018589316240839285, 36.682595298460136, 8.3622393064395872
0.00024973225200241992, 33.030303496775794, 7.213290284338461
0.0008814392522589103, 18.616564468359986, 3.7804267389446982
5.7288933845217691e-05, 47.680591130673115, 14.566506304772634
0.00010841049201904007, 42.594062126681514, 10.88847175363216
0.00062159720415197949, 22.104540530128325, 4.5303072308477859
0.00039934694736279126, 27.167431553422489, 5.6852007825295043
0.00075227735934706467, 20.140000122634209, 4.1046424937176891
0.00090893112737716077, 18.332578891213412, 3.7204727275886254
0.00096854739187862758, 17.756719078623146, 3.5993218160239921
0.00065128377337399321, 21.611200601463558, 4.4225052309868209
0.00050640524643632775, 24.368023252670042, 5.0343125710873347
0.00033136914348376619, 29.467755365881438, 6.2518485492574412
0.00070901507806436792, 20.734649908859296, 4.2325059246763246
1.7331434467121555e-05, 52.452934479322899, 22.073370342129177
0.00012077462961375353, 41.5181923840086, 10.33644796948313
0.0008193977720496971, 19.306121233483829, 3.9266139004761493
0.00026095845992119557, 32.475870866566076, 7.0552380403217176
0.00076909588462603434, 19.921527249075488, 4.0578607289787261
0.00078372618543108986, 19.736840370991395, 4.0183919390790042
0.00030654327254398699, 30.444453622857424, 6.5037870733818046
9.0303365751188687e-05, 44.273708444117375, 11.874222374746951
5.0575531677252215e-05, 48.431241707335495, 15.340922469667438
0.00095194006744180276, 17.911959531365699, 3.6319275806557121
0.00054150362610489008, 23.611178554668459, 4.8639129667522756
0.00087905120698508082, 18.641824863733078, 3.7857665329299328
0.00025672945949045938, 32.682002841439939, 7.1135835494745665
8.1984269494024867e-05, 45.088985107610156, 12.420413721021459
0.00039391892930685862, 27.333615183615137, 5.7250462362986996
0.00054948930333358265, 23.44795898823309, 4.8274265986090095
3.3231868337394821e-05, 50.465378155171642, 17.919073298839937
0.00054556381881338157, 23.527797055712988, 4.8452625632193422
0.00085921515386492642, 18.855470926147241, 3.8309752946019935
0.00044261102953394591, 25.934253348888046, 5.394043676869015
0.00036160399543289751, 28.382798832311099, 5.9803357567070172
0.00031939049128101393, 29.928681325391413, 6.3697940581436798
0.00082205827825909358, 19.275054515633865, 3.9200083723865218
0.00043084771661074475, 26.254342421301434, 5.4688889747107332
0.00070399977589117094, 20.8068404170088, 4.2480833800928899
0.00023377967884237059, 33.859709569324174, 7.4567559489520807
0.000409748551487411, 26.856473971403886, 5.6110480045247613
0.00077202515196245019, 19.884157816265656, 4.0498689060744386
0.0001910592629654587, 36.351537453984854, 8.2488930894896555
6.8026261738852382e-05, 46.521525808978673, 13.517815735685527
0.00052894996097116334, 23.874294041982171, 4.9229213546070945
0.0008289758554781212, 19.19493626422306, 3.9029819334278719
0.00027065002418393761, 32.015483140137768, 6.9266269559936147
0.00060421065299258708, 22.408594830517099, 4.5970816621969526
0.00012486807221448253, 41.174115027280457, 10.17076254352645
0.00075545796749784742, 20.098164220329121, 4.0956762455154152
0.00031028208879098514, 30.291985255093465, 6.4639475651888327
0.00067832345701734475, 21.187874939408829, 4.3305095993803873
0.00087500656381273858, 18.684830991900039, 3.7948602314441269
0.00076765194206635131, 19.940021293739441, 4.0618169481340924
0.00011111356922415938, 42.354065460049114, 10.760560438884145
0.00031676152947917354, 30.032377401572557, 6.3965582966449404
0.00051907911621875097, 24.087012567803178, 4.9708047766041616
0.00082262541784727133, 19.268450323749914, 3.9186044045234958
0.00086761274203225685, 18.764180591988321, 3.8116475676555353
0.00058857841089055051, 22.692234916868252, 4.6596136517144986
0.00071139926818246683, 20.70057908612678, 4.2251582556561713
0.00080672105687614143, 19.456119628672464, 3.9585337164945584
0.00052143984953453067, 24.035658711986766, 4.9592301006862813
0.00072572789309901414, 20.499099908689907, 4.1817621445490962
5.9805031979726065e-05, 47.404438008165307, 14.301517447586471
0.0001619092201341865, 38.314092815540235, 8.9550789719371142
0.00027376024674844802, 31.871177544202808, 6.8867811714995693
0.00075468533111649832, 20.108304421523677, 4.0978491419857859
0.00026136161101140173, 32.456389035080633, 7.0497485740071095
0.00058992222007559977, 22.667455504918824, 4.65414122493394
0.00061304696101692415, 22.252607376154288, 4.5627919857816508
0.00064575365637223109, 21.70075072272568, 4.4420249300699162
0.00068400150757736301, 21.101918567340448, 4.3118846577128922
0.00016525986925280229, 38.076417728403918, 8.8648613811074934
0.00025633627950480745, 32.701333032246723, 7.1190798608235575
0.00033589990208751836, 29.29820528249585, 6.2088684117795214
0.00071156783728500909, 20.698176165474052, 4.2246401466624812
0.00020326933270096775, 35.595875332186452, 7.9978716160847405
7.4296391658404989e-05, 45.867810097100971, 12.992941417764648
0.00045498208374236898, 25.608910625336094, 5.3184575674510128
0.0008758931281676734, 18.675380217208808, 3.7928615682659106
0.00039693806718366466, 27.240843954052853, 5.7027837945721744
0.00055851701018942712, 23.267186070756797, 4.7871194394545462
0.00053512357475837889, 23.743883411048404, 4.8936445441002769
0.00039455059062826214, 27.314135146396364, 5.720367595150325
7.3626745034149964e-05, 45.936826146863979, 13.046338449732954
0.00045155930645948304, 25.69780214731599, 5.3390619371811479
6.4709951624575724e-05, 46.874126347735277, 13.819792923156699
0.00032837445338107442, 29.581244389468896, 6.2807374962045461
0.0006716624686604832, 21.289981746288085, 4.3526577052402011
0.00051535884318814284, 24.168564063727768, 4.9892053401978433
0.0006104770854940707, 22.297658332796807, 4.5726880945531336
0.00092266716651686676, 18.19521570032099, 3.6915233799065721
0.0003451804458697651, 28.958778392486597, 6.1234531117022941
9.2058676088981896e-05, 44.105263623306037, 11.767415011950494
0.0008928715686061351, 18.496965100305736, 3.7551600624137436
0.00016909006722943924, 37.80871021308198, 8.7649054694049315
0.00080317131879223663, 19.498717109035461, 3.9676066042509954
0.00013601905764286327, 40.266191000608586, 9.7557082813553642
0.00074030141665346679, 20.299763759379502, 4.1389179064507795
0.0009224245761373437, 18.19761639354109, 3.6920290503240949
0.00039684632381702426, 27.243650503365142, 5.703456582862775
0.00052952587505470359, 23.862044020588989, 4.9201687330542754
0.00022423185551807693, 34.380945267188565, 7.6144580165457185
0.00044976472133004004, 25.744748361987106, 5.3499580224456702
0.00050987484567947188, 24.290189722070359, 5.0166931421798848
0.00057392460559764166, 22.967470641110992, 4.7205235841853872
0.00099660494153874638, 17.502896828101942, 3.5460937300930078
0.00016325679561105932, 38.218109185496353, 8.9184746985694883
8.7174284497310451e-05, 44.57705659163895, 12.071616367833203
0.00078394283702248511, 19.734141770930741, 4.0178157538446948
0.00062964592606246984, 21.967662312026402, 4.5003313842575912
0.00051757602369152797, 24.119869351840951, 4.9782153851686219
0.00068676380832254666, 21.060456313254942, 4.3029071153062732
0.00032050990435907847, 29.884809551496581, 6.3584965012583909
0.00012359128461370591, 41.280803490912291, 10.221615220128797
0.00039384357858388496, 27.335941455556913, 5.7256050937879408
0.00029202608350088234, 31.055741056008664, 6.6655498978742713
0.00097421903114701478, 17.704569781031616, 3.5883774314256955
0.00019033142251836564, 36.397762738997692, 8.264591345757994
0.00032247601557508357, 29.808158184859984, 6.3387943124522241
0.00096431112005209145, 17.795955807272307, 3.6075591697422209
0.00042241193262704257, 26.490639693855339, 5.5244592675790605
0.00033649249514579565, 29.276218285092959, 6.2033103343743123
0.00085249177756431451, 18.929474911595968, 3.8466544596000705
0.00054637084439702432, 23.511321456724627, 4.8415801420303364
0.00049273384204729298, 24.68158770627775, 5.1055281249060478
0.00066277968087370166, 21.428331360956221, 4.3827089245261908
0.00068302459603401008, 21.116637300838772, 4.3150726135755813
0.00058369796737978413, 22.78287196988828, 4.6796462006839956
0.00043093244657362213, 26.251998128009038, 5.4683390361616491
0.0004633776772217811, 25.394403675297127, 5.2688803007177842
0.00080729843644832043, 19.449215865764447, 3.9570636152348833
0.00024292801615092348, 33.377921003251409, 7.3142633220892908
0.00094105434526696105, 18.015827409564473, 3.6537653834326158
0.00040641502069873171, 26.955077838910427, 5.6345055114002527
0.00053232486137999742, 23.802756446558103, 4.9068540373427023
0.00029029519877364954, 31.130739517681803, 6.6856294133250129
0.00088177319031404618, 18.613039846586215, 3.7796817600698058
0.00023615826043702002, 33.732816594950997, 7.4189301677056179
0.00020438637790521578, 35.528566077623488, 7.9760040547934654
0.00046028085029032727, 25.472950636706013, 5.2870108729904777
0.00063461324365089733, 21.884368522509654, 4.4821154207140506
0.00033198419535110683, 29.444587847985879, 6.2459631000905471
0.00083926555043523565, 19.077489581524613, 3.8780448343018925
0.0002865668006998063, 31.293871298295613, 6.7294876389273952
0.00067685206308767108, 21.210311099131037, 4.3353740360327118
0.00031789410925314341, 29.987589809583469, 6.3849879076479574
0.00047626248507922654, 25.07462103241491, 5.1953385279441822
0.00077809236000285476, 19.807383871868002, 4.0334591887815643
0.00068329736796900534, 21.11252463976502, 4.3141817919493635
0.00041791335894973832, 26.619041930506835, 5.5547724942973264
0.00018006105790013881, 37.064748791702115, 8.4958190744884057
0.00023597878262738453, 33.74235105323028, 7.4217648314491029
0.00074704587058032484, 20.209351246619509, 4.1195141264546518
6.7388243540100669e-05, 46.588991426160852, 13.574523048754312
0.00018059151970913599, 37.029614434398525, 8.483411449226324
0.00081047269522865493, 19.411384603216426, 3.949009424124212
0.00089556946166852408, 18.469057341773187, 3.7492678829997579
0.00053413894352740223, 23.764549543349212, 4.8982800888418412
1.9380109330527319e-05, 52.190200087011519, 21.377924947063544
0.00015570189467846907, 38.763183307257343, 9.12952020482747
0.00067436400688626586, 21.248402569765048, 4.3436355917001634
0.00073351145035501007, 20.391951689623003, 4.1587212653768182
0.0006403809929101023, 21.788759827713772, 4.4612293200062849
0.00014538351070197638, 39.535744364603403, 9.4427126341925778
0.00037291288244011575, 28.00349001397834, 5.8872700722607965
0.00076248031878795573, 20.006660416500694, 4.0760782794815471
0.00034519050831432151, 28.958415981439625, 6.1233623499116865
4.4172798833704138e-05, 49.166116184673967, 16.184644718083014
0.00087588265878983575, 18.675491741722507, 3.79288515268926
0.00010662245257044977, 42.754316804471351, 10.975521612726411
0.00078633160943532201, 19.704456452702388, 4.0114785487335878
0.00011414099730581366, 42.088480493040777, 10.622309879863606
0.00031957145097127957, 29.921577832563013, 6.3679637772366249
0.00087656214010213486, 18.668257513505335, 3.791355355139197
0.00080263960934357317, 19.505120487315533, 3.9689707796840885
0.00087733670150912655, 18.660020676142945, 3.7896136539020975
0.00016402257735439823, 38.163802006462632, 8.8978668782897881
4.2826341003263319e-05, 49.323035458772253, 16.376888706261983
0.00018718589768748986, 36.59910398015213, 8.3334507487427505
0.00085643021209034034, 18.886025080423643, 3.8374475512375139
0.00064771389158033035, 21.668888809381091, 4.4350774156794479
0.0006695162175242666, 21.323178652248242, 4.3598640819307111
0.00057638185372671708, 22.920664181546041, 4.7101488624305654
0.00081394226946590294, 19.370271239150782, 3.9402596811055441
0.00052405385996112143, 23.97914928980698, 4.9465043508723143
9.3248112485350663e-05, 43.991820631851439, 11.696569878720698
0.00068562553899665225, 21.077513905011372, 4.306599974221208
0.00068091178890131534, 21.148569482447368, 4.3219906820457945
0.00063459241948778512, 21.884715855677506, 4.482191341830748
0.0004208567413810883, 26.53483839955998, 5.5348843119135696
0.00086096183663352975, 18.836379055350044, 3.8269319553207537
0.00029294220902492348, 31.016232224516724, 6.6549931044978159
7.2337220441880904e-05, 46.070265758496056, 13.150889318014842
0.00054793465577353229, 23.47948742166129, 4.8344675659791765
0.00015589144908661817, 38.749298003471772, 9.1240461596054345
0.00041335980136109486, 26.750752198864451, 5.5859540203549409
0.00064807279341113104, 21.663069437925042, 4.4338087854478916
